{"camera_model": "OPENCV", "orientation_override": "none", "frames": [{"fl_x": 775.68044197177, "fl_y": 775.68044197177, "cx": 498.49407958984375, "cy": 345.7710266113281, "w": 994, "h": 738, "file_path": "./images/frame_00001.jpg", "transform_matrix": [[-0.9490447640419006, 0.24007079005241394, -0.2041567862033844, -0.8276787400245667], [-0.2988518476486206, -0.48001828789711, 0.8247848153114319, 0.10909676551818848], [0.10000775754451752, 0.8437703847885132, 0.527304470539093, 0.24504078924655914], [0.0, 0.0, 0.0, 1.0]], "tag_path": "./masks/frame_00001.jpg", "file_path_second": "./images_second/frame_00001.jpg"}, {"fl_x": 775.1545669792405, "fl_y": 775.1545669792405, "cx": 498.72216796875, "cy": 345.759033203125, "w": 994, "h": 738, "file_path": "./images/frame_00002.jpg", "transform_matrix": [[-0.9526159763336182, 0.24237538874149323, -0.183785080909729, -0.7928184270858765], [-0.2815318703651428, -0.4738052785396576, 0.8344149589538574, 0.1702461987733841], [0.11516331136226654, 0.8466184139251709, 0.5195908546447754, 0.25712916254997253], [0.0, 0.0, 0.0, 1.0]], "tag_path": "./masks/frame_00002.jpg", "file_path_second": "./images_second/frame_00002.jpg"}, {"fl_x": 775.2154654757065, "fl_y": 775.2154654757065, "cx": 498.93157958984375, "cy": 345.60968017578125, "w": 994, "h": 738, "file_path": "./images/frame_00003.jpg", "transform_matrix": [[-0.9846277832984924, 0.1638960987329483, -0.06038368493318558, -0.7038148641586304], [-0.13741625845432281, -0.5134789943695068, 0.8470277786254883, 0.22076112031936646], [0.10781879723072052, 0.8423048257827759, 0.5281077027320862, 0.24703282117843628], [0.0, 0.0, 0.0, 1.0]], "tag_path": "./masks/frame_00003.jpg", "file_path_second": "./images_second/frame_00003.jpg"}, {"fl_x": 774.9774853792961, "fl_y": 774.9774853792961, "cx": 499.1116943359375, "cy": 345.8030700683594, "w": 994, "h": 738, "file_path": "./images/frame_00004.jpg", "transform_matrix": [[-0.9953089356422424, 0.0967336893081665, 0.0016517643816769123, -0.5720245838165283], [-0.04935438930988312, -0.5223517417907715, 0.8513006567955017, 0.2645074725151062], [0.08321225643157959, 0.8472256064414978, 0.5246756076812744, 0.2159675806760788], [0.0, 0.0, 0.0, 1.0]], "tag_path": "./masks/frame_00004.jpg", "file_path_second": "./images_second/frame_00004.jpg"}, {"fl_x": 774.9609488136225, "fl_y": 774.9609488136225, "cx": 499.30419921875, "cy": 344.8703918457031, "w": 994, "h": 738, "file_path": "./images/frame_00005.jpg", "transform_matrix": [[-0.9932164549827576, 0.10723389685153961, 0.04496682062745094, -0.46797409653663635], [-0.020579753443598747, -0.5427132248878479, 0.8396658897399902, 0.24079333245754242], [0.11444474011659622, 0.8330445885658264, 0.54123854637146, 0.20798622071743011], [0.0, 0.0, 0.0, 1.0]], "tag_path": "./masks/frame_00005.jpg", "file_path_second": "./images_second/frame_00005.jpg"}, {"fl_x": 774.9609488136225, "fl_y": 774.9609488136225, "cx": 499.5743408203125, "cy": 344.552490234375, "w": 994, "h": 738, "file_path": "./images/frame_00006.jpg", "transform_matrix": [[-0.9930105209350586, 0.06251534074544907, 0.1001095324754715, -0.3817945718765259], [0.051078155636787415, -0.537030041217804, 0.8420153260231018, 0.18247175216674805], [0.10640069842338562, 0.8412434458732605, 0.5300832986831665, 0.20645083487033844], [0.0, 0.0, 0.0, 1.0]], "tag_path": "./masks/frame_00006.jpg", "file_path_second": "./images_second/frame_00006.jpg"}, {"fl_x": 775.2514065723183, "fl_y": 775.2514065723183, "cx": 499.65997314453125, "cy": 345.24639892578125, "w": 994, "h": 738, "file_path": "./images/frame_00007.jpg", "transform_matrix": [[-0.9817453026771545, 0.015691105276346207, 0.18955200910568237, -0.25930705666542053], [0.15527288615703583, -0.5094489455223083, 0.8463758826255798, 0.11302462965250015], [0.10984764248132706, 0.8603578209877014, 0.4977126717567444, 0.20882099866867065], [0.0, 0.0, 0.0, 1.0]], "tag_path": "./masks/frame_00007.jpg", "file_path_second": "./images_second/frame_00007.jpg"}, {"fl_x": 775.223764268812, "fl_y": 775.223764268812, "cx": 499.8128662109375, "cy": 345.88238525390625, "w": 994, "h": 738, "file_path": "./images/frame_00008.jpg", "transform_matrix": [[-0.9630575776100159, -0.017980962991714478, 0.2686944901943207, -0.12785503268241882], [0.23789821565151215, -0.5243622064590454, 0.81758713722229, 0.06684396415948868], [0.12619224190711975, 0.8513054251670837, 0.5092687010765076, 0.2083646059036255], [0.0, 0.0, 0.0, 1.0]], "tag_path": "./masks/frame_00008.jpg", "file_path_second": "./images_second/frame_00008.jpg"}, {"fl_x": 775.1573739239675, "fl_y": 775.1573739239675, "cx": 499.3448486328125, "cy": 345.9212341308594, "w": 994, "h": 738, "file_path": "./images/frame_00009.jpg", "transform_matrix": [[-0.8621930480003357, -0.17619429528713226, 0.47495126724243164, 0.10935172438621521], [0.4982389211654663, -0.46437838673591614, 0.7321957945823669, 0.008055227808654308], [0.0915483608841896, 0.8679333329200745, 0.48817068338394165, 0.17400145530700684], [0.0, 0.0, 0.0, 1.0]], "tag_path": "./masks/frame_00009.jpg", "file_path_second": "./images_second/frame_00009.jpg"}, {"fl_x": 775.2127805720548, "fl_y": 775.2127805720548, "cx": 499.6641845703125, "cy": 345.2955017089844, "w": 994, "h": 738, "file_path": "./images/frame_00010.jpg", "transform_matrix": [[-0.8328630924224854, -0.21233126521110535, 0.5111306309700012, 0.20618636906147003], [0.545744776725769, -0.4688913822174072, 0.6944807171821594, -0.026638953015208244], [0.09220479428768158, 0.8573542237281799, 0.506401002407074, 0.17819195985794067], [0.0, 0.0, 0.0, 1.0]], "tag_path": "./masks/frame_00010.jpg", "file_path_second": "./images_second/frame_00010.jpg"}, {"fl_x": 775.1241787515451, "fl_y": 775.1241787515451, "cx": 499.7880859375, "cy": 344.4485778808594, "w": 994, "h": 738, "file_path": "./images/frame_00011.jpg", "transform_matrix": [[-0.7719326615333557, -0.25390228629112244, 0.5827981233596802, 0.3218240737915039], [0.6292945146560669, -0.4350634813308716, 0.6439783573150635, -0.11904209852218628], [0.09004659205675125, 0.8638595938682556, 0.4956190288066864, 0.1696607917547226], [0.0, 0.0, 0.0, 1.0]], "tag_path": "./masks/frame_00011.jpg", "file_path_second": "./images_second/frame_00011.jpg"}, {"fl_x": 775.4506996479276, "fl_y": 775.4506996479276, "cx": 499.5535888671875, "cy": 344.46905517578125, "w": 994, "h": 738, "file_path": "./images/frame_00012.jpg", "transform_matrix": [[-0.6387320756912231, -0.32901546359062195, 0.6955358982086182, 0.4569791555404663], [0.7677008509635925, -0.3330703377723694, 0.5474482178688049, -0.29206109046936035], [0.051543451845645905, 0.8836362361907959, 0.4653281569480896, 0.1554815173149109], [0.0, 0.0, 0.0, 1.0]], "tag_path": "./masks/frame_00012.jpg", "file_path_second": "./images_second/frame_00012.jpg"}, {"fl_x": 775.4922546339933, "fl_y": 775.4922546339933, "cx": 499.412109375, "cy": 344.6338806152344, "w": 994, "h": 738, "file_path": "./images/frame_00013.jpg", "transform_matrix": [[-0.5412601232528687, -0.36688780784606934, 0.7565915584564209, 0.5333417654037476], [0.8379905223846436, -0.3095719814300537, 0.44937410950660706, -0.40042659640312195], [0.06934968382120132, 0.8772448301315308, 0.47500747442245483, 0.16065189242362976], [0.0, 0.0, 0.0, 1.0]], "tag_path": "./masks/frame_00013.jpg", "file_path_second": "./images_second/frame_00013.jpg"}, {"fl_x": 775.6914866890652, "fl_y": 775.6914866890652, "cx": 498.824951171875, "cy": 345.0376892089844, "w": 994, "h": 738, "file_path": "./images/frame_00014.jpg", "transform_matrix": [[-0.3895779252052307, -0.4060026705265045, 0.8266745805740356, 0.6187340617179871], [0.9182724952697754, -0.24017654359340668, 0.3147869408130646, -0.5310409069061279], [0.07074351608753204, 0.8817465901374817, 0.4663885533809662, 0.14878079295158386], [0.0, 0.0, 0.0, 1.0]], "tag_path": "./masks/frame_00014.jpg", "file_path_second": "./images_second/frame_00014.jpg"}, {"fl_x": 775.7025314063601, "fl_y": 775.7025314063601, "cx": 498.94500732421875, "cy": 344.9823303222656, "w": 994, "h": 738, "file_path": "./images/frame_00015.jpg", "transform_matrix": [[-0.22332949936389923, -0.4638335406780243, 0.8573111295700073, 0.694962739944458], [0.9719445109367371, -0.17256568372249603, 0.15982778370380402, -0.6703516840934753], [0.07380899041891098, 0.8689531087875366, 0.48935946822166443, 0.15783736109733582], [0.0, 0.0, 0.0, 1.0]], "tag_path": "./masks/frame_00015.jpg", "file_path_second": "./images_second/frame_00015.jpg"}, {"fl_x": 775.7412794476986, "fl_y": 775.7412794476986, "cx": 499.63037109375, "cy": 344.463623046875, "w": 994, "h": 738, "file_path": "./images/frame_00016.jpg", "transform_matrix": [[-0.07813616842031479, -0.48526135087013245, 0.8708709478378296, 0.6859233975410461], [0.9935389161109924, -0.110026054084301, 0.027834123000502586, -0.8292524814605713], [0.08231166750192642, 0.8674190044403076, 0.49072304368019104, 0.14278823137283325], [0.0, 0.0, 0.0, 1.0]], "tag_path": "./masks/frame_00016.jpg", "file_path_second": "./images_second/frame_00016.jpg"}, {"fl_x": 776.0097698128798, "fl_y": 776.0097698128798, "cx": 499.5374755859375, "cy": 344.1197204589844, "w": 994, "h": 738, "file_path": "./images/frame_00017.jpg", "transform_matrix": [[0.061117809265851974, -0.4899233281612396, 0.8696204423904419, 0.62545245885849], [0.9968773126602173, -0.013684207573533058, -0.0777709037065506, -0.9705681204795837], [0.0500018484890461, 0.8716580867767334, 0.4875571131706238, 0.15431810915470123], [0.0, 0.0, 0.0, 1.0]], "tag_path": "./masks/frame_00017.jpg", "file_path_second": "./images_second/frame_00017.jpg"}, {"fl_x": 776.4331913228776, "fl_y": 776.4331913228776, "cx": 499.57135009765625, "cy": 344.6025390625, "w": 994, "h": 738, "file_path": "./images/frame_00018.jpg", "transform_matrix": [[0.17936795949935913, -0.5035869479179382, 0.8451197147369385, 0.5819238424301147], [0.9816284775733948, 0.03480496257543564, -0.18760107457637787, -1.0816463232040405], [0.06505909562110901, 0.8632431626319885, 0.5005781650543213, 0.17391954362392426], [0.0, 0.0, 0.0, 1.0]], "tag_path": "./masks/frame_00018.jpg", "file_path_second": "./images_second/frame_00018.jpg"}, {"fl_x": 776.5493134058186, "fl_y": 776.5493134058186, "cx": 498.99224853515625, "cy": 345.9368896484375, "w": 994, "h": 738, "file_path": "./images/frame_00019.jpg", "transform_matrix": [[0.3685864806175232, -0.5210578441619873, 0.7698329091072083, 0.5360862016677856], [0.9261780977249146, 0.13491803407669067, -0.3521239757537842, -1.2724982500076294], [0.0796126052737236, 0.8427905440330505, 0.5323213338851929, 0.17534568905830383], [0.0, 0.0, 0.0, 1.0]], "tag_path": "./masks/frame_00019.jpg", "file_path_second": "./images_second/frame_00019.jpg"}, {"fl_x": 776.3721707853365, "fl_y": 776.3721707853365, "cx": 498.16650390625, "cy": 345.87274169921875, "w": 994, "h": 738, "file_path": "./images/frame_00020.jpg", "transform_matrix": [[0.497699499130249, -0.49486660957336426, 0.7123216986656189, 0.5194196701049805], [0.8664074540138245, 0.24538694322109222, -0.434883177280426, -1.4594297409057617], [0.0404147244989872, 0.8336020112037659, 0.5508850812911987, 0.20948240160942078], [0.0, 0.0, 0.0, 1.0]], "tag_path": "./masks/frame_00020.jpg", "file_path_second": "./images_second/frame_00020.jpg"}, {"fl_x": 775.8990785577801, "fl_y": 775.8990785577801, "cx": 498.948486328125, "cy": 345.4757995605469, "w": 994, "h": 738, "file_path": "./images/frame_00021.jpg", "transform_matrix": [[0.5911523699760437, -0.47914308309555054, 0.6488149166107178, 0.4705822169780731], [0.8050487637519836, 0.30130207538604736, -0.510992705821991, -1.6208832263946533], [0.04934931918978691, 0.8244022130966187, 0.5638489723205566, 0.23808583617210388], [0.0, 0.0, 0.0, 1.0]], "tag_path": "./masks/frame_00021.jpg", "file_path_second": "./images_second/frame_00021.jpg"}, {"fl_x": 775.7328586135179, "fl_y": 775.7328586135179, "cx": 498.90081787109375, "cy": 345.6709899902344, "w": 994, "h": 738, "file_path": "./images/frame_00022.jpg", "transform_matrix": [[0.6853645443916321, -0.4256506860256195, 0.5908442735671997, 0.3427368104457855], [0.7261050343513489, 0.3379559814929962, -0.5987964868545532, -1.7581336498260498], [0.055198777467012405, 0.8394088745117188, 0.5406901240348816, 0.21971933543682098], [0.0, 0.0, 0.0, 1.0]], "tag_path": "./masks/frame_00022.jpg", "file_path_second": "./images_second/frame_00022.jpg"}, {"fl_x": 775.7163220478443, "fl_y": 775.7163220478443, "cx": 498.50439453125, "cy": 345.0596618652344, "w": 994, "h": 738, "file_path": "./images/frame_00023.jpg", "transform_matrix": [[0.7711971998214722, -0.3700915277004242, 0.5179644227027893, 0.19960322976112366], [0.635776162147522, 0.4064772129058838, -0.6561744809150696, -1.8557305335998535], [0.03230387717485428, 0.8353493809700012, 0.548769474029541, 0.24548761546611786], [0.0, 0.0, 0.0, 1.0]], "tag_path": "./masks/frame_00023.jpg", "file_path_second": "./images_second/frame_00023.jpg"}, {"fl_x": 775.4894476892664, "fl_y": 775.4894476892664, "cx": 499.185546875, "cy": 345.5793151855469, "w": 994, "h": 738, "file_path": "./images/frame_00024.jpg", "transform_matrix": [[0.8678444623947144, -0.3103301525115967, 0.3879964351654053, 0.05875631421804428], [0.49356821179389954, 0.44908133149147034, -0.7447928190231323, -1.9444198608398438], [0.05688970535993576, 0.837867021560669, 0.5429018139839172, 0.2644830048084259], [0.0, 0.0, 0.0, 1.0]], "tag_path": "./masks/frame_00024.jpg", "file_path_second": "./images_second/frame_00024.jpg"}, {"fl_x": 775.4672972341389, "fl_y": 775.4672972341389, "cx": 498.34283447265625, "cy": 346.329345703125, "w": 994, "h": 738, "file_path": "./images/frame_00025.jpg", "transform_matrix": [[0.9389016628265381, -0.25634899735450745, 0.22967107594013214, -0.11410059779882431], [0.3344636559486389, 0.522064208984375, -0.784591019153595, -2.0588035583496094], [0.08122608065605164, 0.8134704232215881, 0.5759063959121704, 0.2821516990661621], [0.0, 0.0, 0.0, 1.0]], "tag_path": "./masks/frame_00025.jpg", "file_path_second": "./images_second/frame_00025.jpg"}, {"fl_x": 775.4534455721171, "fl_y": 775.4534455721171, "cx": 499.4476318359375, "cy": 345.634521484375, "w": 994, "h": 738, "file_path": "./images/frame_00026.jpg", "transform_matrix": [[0.9800070524215698, -0.16660356521606445, 0.10876300930976868, -0.2409115582704544], [0.18623162806034088, 0.5757086277008057, -0.7961641550064087, -2.1139814853668213], [0.07002799212932587, 0.8005016446113586, 0.5952253341674805, 0.3106600046157837], [0.0, 0.0, 0.0, 1.0]], "tag_path": "./masks/frame_00026.jpg", "file_path_second": "./images_second/frame_00026.jpg"}, {"fl_x": 775.5503461857322, "fl_y": 775.5503461857322, "cx": 499.566162109375, "cy": 346.0738525390625, "w": 994, "h": 738, "file_path": "./images/frame_00027.jpg", "transform_matrix": [[0.9917868375778198, -0.12557078897953033, 0.024308402091264725, -0.36440858244895935], [0.09408213943243027, 0.5874910354614258, -0.8037430047988892, -2.120708465576172], [0.08664567768573761, 0.7994287014007568, 0.5944798588752747, 0.30334046483039856], [0.0, 0.0, 0.0, 1.0]], "tag_path": "./masks/frame_00027.jpg", "file_path_second": "./images_second/frame_00027.jpg"}, {"fl_x": 775.6084377374715, "fl_y": 775.6084377374715, "cx": 499.38812255859375, "cy": 345.9543151855469, "w": 994, "h": 738, "file_path": "./images/frame_00028.jpg", "transform_matrix": [[0.9949483275413513, -0.03303215652704239, -0.09479834139347076, -0.564215362071991], [-0.05706585943698883, 0.5908046364784241, -0.8047939538955688, -2.1111488342285156], [0.08259138464927673, 0.8061381578445435, 0.585935115814209, 0.3252878487110138], [0.0, 0.0, 0.0, 1.0]], "tag_path": "./masks/frame_00028.jpg", "file_path_second": "./images_second/frame_00028.jpg"}, {"fl_x": 775.4922546339933, "fl_y": 775.4922546339933, "cx": 499.3671875, "cy": 346.64141845703125, "w": 994, "h": 738, "file_path": "./images/frame_00029.jpg", "transform_matrix": [[0.9768298268318176, 0.0015489199431613088, -0.21401190757751465, -0.7528390884399414], [-0.17202618718147278, 0.6005734205245972, -0.7808447480201721, -2.1199254989624023], [0.12732039391994476, 0.7995681166648865, 0.5869244933128357, 0.3347674310207367], [0.0, 0.0, 0.0, 1.0]], "tag_path": "./masks/frame_00029.jpg", "file_path_second": "./images_second/frame_00029.jpg"}, {"fl_x": 775.5476002615429, "fl_y": 775.5476002615429, "cx": 499.74835205078125, "cy": 346.8982849121094, "w": 994, "h": 738, "file_path": "./images/frame_00030.jpg", "transform_matrix": [[0.889977753162384, 0.20872579514980316, -0.40542957186698914, -1.0439924001693726], [-0.4479668438434601, 0.5663778781890869, -0.691767156124115, -2.1318137645721436], [0.08523666858673096, 0.7972763776779175, 0.5975659489631653, 0.29482653737068176], [0.0, 0.0, 0.0, 1.0]], "tag_path": "./masks/frame_00030.jpg", "file_path_second": "./images_second/frame_00030.jpg"}, {"fl_x": 775.4700431583284, "fl_y": 775.4700431583284, "cx": 499.2762451171875, "cy": 345.5184631347656, "w": 994, "h": 738, "file_path": "./images/frame_00031.jpg", "transform_matrix": [[0.8067290186882019, 0.2740556299686432, -0.5235282182693481, -1.2345900535583496], [-0.5863575339317322, 0.48115140199661255, -0.6516733765602112, -2.0225584506988525], [0.07330159097909927, 0.8326985239982605, 0.54885333776474, 0.2590038776397705], [0.0, 0.0, 0.0, 1.0]], "tag_path": "./masks/frame_00031.jpg", "file_path_second": "./images_second/frame_00031.jpg"}, {"fl_x": 775.6416939304314, "fl_y": 775.6416939304314, "cx": 499.36810302734375, "cy": 345.0858154296875, "w": 994, "h": 738, "file_path": "./images/frame_00032.jpg", "transform_matrix": [[0.7007606029510498, 0.31709933280944824, -0.6390482187271118, -1.439359426498413], [-0.7034432291984558, 0.4562501311302185, -0.5449802279472351, -1.8878331184387207], [0.11875296384096146, 0.8314347863197327, 0.5427834987640381, 0.284431129693985], [0.0, 0.0, 0.0, 1.0]], "tag_path": "./masks/frame_00032.jpg", "file_path_second": "./images_second/frame_00032.jpg"}, {"fl_x": 775.5144050891206, "fl_y": 775.5144050891206, "cx": 500.5303955078125, "cy": 344.500732421875, "w": 994, "h": 738, "file_path": "./images/frame_00033.jpg", "transform_matrix": [[0.028045564889907837, 0.4795590043067932, -0.8770613670349121, -1.8763822317123413], [-0.9947103261947632, 0.10012584179639816, 0.02293914183974266, -1.0756876468658447], [0.09881717711687088, 0.8717786073684692, 0.4798303544521332, 0.3359213173389435], [0.0, 0.0, 0.0, 1.0]], "tag_path": "./masks/frame_00033.jpg", "file_path_second": "./images_second/frame_00033.jpg"}, {"fl_x": 775.2127805720548, "fl_y": 775.2127805720548, "cx": 500.0804443359375, "cy": 345.5632629394531, "w": 994, "h": 738, "file_path": "./images/frame_00034.jpg", "transform_matrix": [[-0.1053367555141449, 0.4890625774860382, -0.8658648729324341, -1.9087597131729126], [-0.9875467419624329, 0.05087222903966904, 0.14887389540672302, -0.91342693567276], [0.1168571189045906, 0.8707639575004578, 0.4776134192943573, 0.34004223346710205], [0.0, 0.0, 0.0, 1.0]], "tag_path": "./masks/frame_00034.jpg", "file_path_second": "./images_second/frame_00034.jpg"}, {"fl_x": 775.226571213539, "fl_y": 775.226571213539, "cx": 500.01263427734375, "cy": 345.0581970214844, "w": 994, "h": 738, "file_path": "./images/frame_00035.jpg", "transform_matrix": [[-0.27058273553848267, 0.5543012022972107, -0.7871055603027344, -1.9597415924072266], [-0.9543877840042114, -0.04726298525929451, 0.2948053479194641, -0.7093102335929871], [0.12621000409126282, 0.8309731483459473, 0.5418068170547485, 0.3832215666770935], [0.0, 0.0, 0.0, 1.0]], "tag_path": "./masks/frame_00035.jpg", "file_path_second": "./images_second/frame_00035.jpg"}, {"fl_x": 774.9802923240229, "fl_y": 774.9802923240229, "cx": 500.21533203125, "cy": 345.20904541015625, "w": 994, "h": 738, "file_path": "./images/frame_00036.jpg", "transform_matrix": [[-0.3645919859409332, 0.5496199131011963, -0.75165855884552, -1.9256006479263306], [-0.9207025170326233, -0.09210098534822464, 0.3792416751384735, -0.5657134652137756], [0.1392102837562561, 0.8303224444389343, 0.5396157503128052, 0.38967645168304443], [0.0, 0.0, 0.0, 1.0]], "tag_path": "./masks/frame_00036.jpg", "file_path_second": "./images_second/frame_00036.jpg"}, {"fl_x": 774.7339524139694, "fl_y": 774.7339524139694, "cx": 499.77099609375, "cy": 344.88006591796875, "w": 994, "h": 738, "file_path": "./images/frame_00037.jpg", "transform_matrix": [[-0.5109063386917114, 0.4909033179283142, -0.7056831121444702, -1.7761090993881226], [-0.8548350930213928, -0.20348727703094482, 0.47733622789382935, -0.31819698214530945], [0.09072840213775635, 0.8471167683601379, 0.5236043334007263, 0.41237956285476685], [0.0, 0.0, 0.0, 1.0]], "tag_path": "./masks/frame_00037.jpg", "file_path_second": "./images_second/frame_00037.jpg"}, {"fl_x": 774.6869055795252, "fl_y": 774.6869055795252, "cx": 499.72760009765625, "cy": 345.685302734375, "w": 994, "h": 738, "file_path": "./images/frame_00038.jpg", "transform_matrix": [[-0.5698873996734619, 0.49740785360336304, -0.6540747880935669, -1.6935181617736816], [-0.8081381916999817, -0.19512617588043213, 0.5557323098182678, -0.19815385341644287], [0.14879852533340454, 0.8452876210212708, 0.5131742358207703, 0.4199957847595215], [0.0, 0.0, 0.0, 1.0]], "tag_path": "./masks/frame_00038.jpg", "file_path_second": "./images_second/frame_00038.jpg"}, {"fl_x": 774.6924584484414, "fl_y": 774.6924584484414, "cx": 499.99053955078125, "cy": 345.9131774902344, "w": 994, "h": 738, "file_path": "./images/frame_00039.jpg", "transform_matrix": [[-0.6979155540466309, 0.45135223865509033, -0.5560530424118042, -1.5657095909118652], [-0.7030068039894104, -0.2835206687450409, 0.6522250175476074, -0.033559054136276245], [0.13673068583011627, 0.8461070656776428, 0.5151771903038025, 0.40129992365837097], [0.0, 0.0, 0.0, 1.0]], "tag_path": "./masks/frame_00039.jpg", "file_path_second": "./images_second/frame_00039.jpg"}, {"fl_x": 774.5900049659097, "fl_y": 774.5900049659097, "cx": 500.20489501953125, "cy": 345.7734680175781, "w": 994, "h": 738, "file_path": "./images/frame_00040.jpg", "transform_matrix": [[-0.7607575058937073, 0.41576001048088074, -0.49838903546333313, -1.4932889938354492], [-0.6375735402107239, -0.3350394666194916, 0.6937207579612732, 0.048401400446891785], [0.12144137173891068, 0.8455129265785217, 0.5199613571166992, 0.4098239243030548], [0.0, 0.0, 0.0, 1.0]], "tag_path": "./masks/frame_00040.jpg", "file_path_second": "./images_second/frame_00040.jpg"}, {"fl_x": 774.7366983381587, "fl_y": 774.7366983381587, "cx": 500.694091796875, "cy": 345.3390808105469, "w": 994, "h": 738, "file_path": "./images/frame_00041.jpg", "transform_matrix": [[-0.8220258951187134, 0.3632746636867523, -0.43852588534355164, -1.3618862628936768], [-0.5605447888374329, -0.38054347038269043, 0.7355108261108398, 0.12082526832818985], [0.10031430423259735, 0.8504223823547363, 0.5164483189582825, 0.368442565202713], [0.0, 0.0, 0.0, 1.0]], "tag_path": "./masks/frame_00041.jpg", "file_path_second": "./images_second/frame_00041.jpg"}, {"fl_x": 774.794911930973, "fl_y": 774.794911930973, "cx": 499.79022216796875, "cy": 345.5537414550781, "w": 994, "h": 738, "file_path": "./images/frame_00042.jpg", "transform_matrix": [[-0.8859320282936096, 0.2626970112323761, -0.38224950432777405, -1.1798509359359741], [-0.4580540359020233, -0.3660525977611542, 0.8100568056106567, 0.16228435933589935], [0.07287607342004776, 0.8927462100982666, 0.44462716579437256, 0.2920171022415161], [0.0, 0.0, 0.0, 1.0]], "tag_path": "./masks/frame_00042.jpg", "file_path_second": "./images_second/frame_00042.jpg"}, {"fl_x": 774.662070220746, "fl_y": 774.662070220746, "cx": 498.88543701171875, "cy": 345.01513671875, "w": 994, "h": 738, "file_path": "./images/frame_00043.jpg", "transform_matrix": [[-0.9121218323707581, 0.2285025417804718, -0.34032392501831055, -1.0598483085632324], [-0.40280526876449585, -0.3456220030784607, 0.8475219011306763, 0.1866835504770279], [0.07603747397661209, 0.9101274609565735, 0.40729138255119324, 0.26145583391189575], [0.0, 0.0, 0.0, 1.0]], "tag_path": "./masks/frame_00043.jpg", "file_path_second": "./images_second/frame_00043.jpg"}, {"fl_x": 774.7643406416648, "fl_y": 774.7643406416648, "cx": 499.31097412109375, "cy": 344.29180908203125, "w": 994, "h": 738, "file_path": "./images/frame_00044.jpg", "transform_matrix": [[-0.9378204345703125, 0.23569925129413605, -0.2548307776451111, -0.8903090953826904], [-0.32801300287246704, -0.3615281879901886, 0.8727570176124573, 0.21187934279441833], [0.11357966810464859, 0.9020771980285645, 0.41636091470718384, 0.20279936492443085], [0.0, 0.0, 0.0, 1.0]], "tag_path": "./masks/frame_00044.jpg", "file_path_second": "./images_second/frame_00044.jpg"}, {"fl_x": 774.855688386364, "fl_y": 774.855688386364, "cx": 499.70263671875, "cy": 344.94659423828125, "w": 994, "h": 738, "file_path": "./images/frame_00045.jpg", "transform_matrix": [[-0.9846674799919128, 0.14606063067913055, -0.0953744649887085, -0.690440833568573], [-0.1442410796880722, -0.3742441236972809, 0.9160435795783997, 0.23189429938793182], [0.0981045588850975, 0.9157552123069763, 0.38957396149635315, 0.10767630487680435], [0.0, 0.0, 0.0, 1.0]], "tag_path": "./masks/frame_00045.jpg", "file_path_second": "./images_second/frame_00045.jpg"}, {"fl_x": 774.94984307579, "fl_y": 774.94984307579, "cx": 499.707275390625, "cy": 344.50177001953125, "w": 994, "h": 738, "file_path": "./images/frame_00046.jpg", "transform_matrix": [[-0.9966722130775452, 0.07923574000597, -0.019135478883981705, -0.5501594543457031], [-0.04810549318790436, -0.3822389841079712, 0.9228104948997498, 0.23211750388145447], [0.06580524891614914, 0.920660138130188, 0.3847786486148834, 0.04718928411602974], [0.0, 0.0, 0.0, 1.0]], "tag_path": "./masks/frame_00046.jpg", "file_path_second": "./images_second/frame_00046.jpg"}, {"fl_x": 775.1297316204611, "fl_y": 775.1297316204611, "cx": 499.88458251953125, "cy": 343.9034729003906, "w": 994, "h": 738, "file_path": "./images/frame_00047.jpg", "transform_matrix": [[-0.9892781376838684, -0.006948714144527912, 0.145878404378891, -0.3705425262451172], [0.13758490979671478, -0.37935224175453186, 0.9149656891822815, 0.17044611275196075], [0.04898146167397499, 0.9252262115478516, 0.37624090909957886, -0.06619884073734283], [0.0, 0.0, 0.0, 1.0]], "tag_path": "./masks/frame_00047.jpg", "file_path_second": "./images_second/frame_00047.jpg"}, {"fl_x": 775.486701765077, "fl_y": 775.486701765077, "cx": 499.29681396484375, "cy": 344.2056884765625, "w": 994, "h": 738, "file_path": "./images/frame_00048.jpg", "transform_matrix": [[-0.9653530716896057, -0.029917174950242043, 0.259226530790329, -0.24414491653442383], [0.25488021969795227, -0.3210698962211609, 0.9121130108833313, 0.09473665058612823], [0.05594199523329735, 0.9465828537940979, 0.31757113337516785, -0.15308308601379395], [0.0, 0.0, 0.0, 1.0]], "tag_path": "./masks/frame_00048.jpg", "file_path_second": "./images_second/frame_00048.jpg"}, {"fl_x": 776.1507882751372, "fl_y": 776.1507882751372, "cx": 499.7396240234375, "cy": 343.7347106933594, "w": 994, "h": 738, "file_path": "./images/frame_00049.jpg", "transform_matrix": [[-0.9153817296028137, -0.05018269643187523, 0.39944714307785034, -0.023783473297953606], [0.39791083335876465, -0.26356571912765503, 0.8787491321563721, -0.004589689429849386], [0.061182573437690735, 0.9633352756500244, 0.2612314820289612, -0.2517385482788086], [0.0, 0.0, 0.0, 1.0]], "tag_path": "./masks/frame_00049.jpg", "file_path_second": "./images_second/frame_00049.jpg"}, {"fl_x": 776.532776840145, "fl_y": 776.532776840145, "cx": 498.495361328125, "cy": 343.5991516113281, "w": 994, "h": 738, "file_path": "./images/frame_00050.jpg", "transform_matrix": [[-0.8754585385322571, -0.04720063880085945, 0.48098284006118774, 0.12178803235292435], [0.4776718318462372, -0.23585784435272217, 0.846286416053772, -0.05652254819869995], [0.07349831610918045, 0.9706405997276306, 0.22903017699718475, -0.26824629306793213], [0.0, 0.0, 0.0, 1.0]], "tag_path": "./masks/frame_00050.jpg", "file_path_second": "./images_second/frame_00050.jpg"}, {"fl_x": 776.1924042817404, "fl_y": 776.1924042817404, "cx": 498.7989501953125, "cy": 343.7318420410156, "w": 994, "h": 738, "file_path": "./images/frame_00051.jpg", "transform_matrix": [[-0.7523879408836365, -0.1145126223564148, 0.648690402507782, 0.2956104278564453], [0.6567021608352661, -0.20742115378379822, 0.7250646352767944, -0.1309332400560379], [0.05152304843068123, 0.9715262651443481, 0.23126186430454254, -0.2740333080291748], [0.0, 0.0, 0.0, 1.0]], "tag_path": "./masks/frame_00051.jpg", "file_path_second": "./images_second/frame_00051.jpg"}, {"fl_x": 776.2504958334794, "fl_y": 776.2504958334794, "cx": 499.05218505859375, "cy": 343.5514221191406, "w": 994, "h": 738, "file_path": "./images/frame_00052.jpg", "transform_matrix": [[-0.5114380121231079, -0.2137541025876999, 0.8323102593421936, 0.4474422037601471], [0.8592235445976257, -0.14173127710819244, 0.4915761947631836, -0.27989208698272705], [0.01288796216249466, 0.9665513038635254, 0.2561493217945099, -0.28922364115715027], [0.0, 0.0, 0.0, 1.0]], "tag_path": "./masks/frame_00052.jpg", "file_path_second": "./images_second/frame_00052.jpg"}, {"fl_x": 776.200703074846, "fl_y": 776.200703074846, "cx": 498.43768310546875, "cy": 343.58953857421875, "w": 994, "h": 738, "file_path": "./images/frame_00053.jpg", "transform_matrix": [[-0.2797567546367645, -0.22082221508026123, 0.9343306422233582, 0.6713725924491882], [0.9594606757164001, -0.0989983007311821, 0.26388365030288696, -0.5106719136238098], [0.03422577306628227, 0.9702767133712769, 0.2395656704902649, -0.298642098903656], [0.0, 0.0, 0.0, 1.0]], "tag_path": "./masks/frame_00053.jpg", "file_path_second": "./images_second/frame_00053.jpg"}, {"fl_x": 776.355634219663, "fl_y": 776.355634219663, "cx": 498.66607666015625, "cy": 343.7505187988281, "w": 994, "h": 738, "file_path": "./images/frame_00054.jpg", "transform_matrix": [[-0.19947220385074615, -0.22880487143993378, 0.9528164267539978, 0.7966461777687073], [0.9796473979949951, -0.06879246979951859, 0.18856976926326752, -0.6202046275138855], [0.02240091562271118, 0.9710385799407959, 0.23787027597427368, -0.2979472577571869], [0.0, 0.0, 0.0, 1.0]], "tag_path": "./masks/frame_00054.jpg", "file_path_second": "./images_second/frame_00054.jpg"}, {"fl_x": 776.2533027782065, "fl_y": 776.2533027782065, "cx": 498.90960693359375, "cy": 343.5708312988281, "w": 994, "h": 738, "file_path": "./images/frame_00055.jpg", "transform_matrix": [[-0.05321492254734039, -0.24077239632606506, 0.9691216945648193, 0.8773490786552429], [0.9982091784477234, -0.03938182443380356, 0.045027956366539, -0.7067574858665466], [0.027324289083480835, 0.969782292842865, 0.24243691563606262, -0.2913571894168854], [0.0, 0.0, 0.0, 1.0]], "tag_path": "./masks/frame_00055.jpg", "file_path_second": "./images_second/frame_00055.jpg"}, {"fl_x": 776.0319202680071, "fl_y": 776.0319202680071, "cx": 498.291748046875, "cy": 343.6248474121094, "w": 994, "h": 738, "file_path": "./images/frame_00056.jpg", "transform_matrix": [[0.08974312245845795, -0.22898957133293152, 0.9692832231521606, 0.8947895765304565], [0.9956388473510742, -0.004274926148355007, -0.09319325536489487, -0.8514977693557739], [0.02548389695584774, 0.9734194874763489, 0.22760726511478424, -0.2926272749900818], [0.0, 0.0, 0.0, 1.0]], "tag_path": "./masks/frame_00056.jpg", "file_path_second": "./images_second/frame_00056.jpg"}, {"fl_x": 775.9682148268141, "fl_y": 775.9682148268141, "cx": 498.11370849609375, "cy": 343.453369140625, "w": 994, "h": 738, "file_path": "./images/frame_00057.jpg", "transform_matrix": [[0.24295984208583832, -0.23776139318943024, 0.9404467344284058, 0.8688833713531494], [0.9700331687927246, 0.06203199923038483, -0.23492057621479034, -1.006718397140503], [-0.002482745563611388, 0.9693408012390137, 0.24570772051811218, -0.273694783449173], [0.0, 0.0, 0.0, 1.0]], "tag_path": "./masks/frame_00057.jpg", "file_path_second": "./images_second/frame_00057.jpg"}, {"fl_x": 776.0069018476153, "fl_y": 776.0069018476153, "cx": 498.3060302734375, "cy": 343.70068359375, "w": 994, "h": 738, "file_path": "./images/frame_00058.jpg", "transform_matrix": [[0.3404867351055145, -0.21865913271903992, 0.9144708514213562, 0.8306450247764587], [0.9399608969688416, 0.10324542224407196, -0.3252904713153839, -1.1248259544372559], [-0.023287199437618256, 0.970323920249939, 0.24068473279476166, -0.2729248106479645], [0.0, 0.0, 0.0, 1.0]], "tag_path": "./masks/frame_00058.jpg", "file_path_second": "./images_second/frame_00058.jpg"}, {"fl_x": 775.9461253922242, "fl_y": 775.9461253922242, "cx": 497.08795166015625, "cy": 343.8963623046875, "w": 994, "h": 738, "file_path": "./images/frame_00059.jpg", "transform_matrix": [[0.4422711730003357, -0.20800520479679108, 0.8724277019500732, 0.7808197140693665], [0.8968803286552429, 0.10109642893075943, -0.430563747882843, -1.2920230627059937], [0.001360176713205874, 0.9728891849517822, 0.2312678098678589, -0.2885456681251526], [0.0, 0.0, 0.0, 1.0]], "tag_path": "./masks/frame_00059.jpg", "file_path_second": "./images_second/frame_00059.jpg"}, {"fl_x": 776.0206924890996, "fl_y": 776.0206924890996, "cx": 497.7938232421875, "cy": 343.50689697265625, "w": 994, "h": 738, "file_path": "./images/frame_00060.jpg", "transform_matrix": [[0.531427264213562, -0.23863163590431213, 0.8127976059913635, 0.7285001873970032], [0.8466814756393433, 0.11933133751153946, -0.5185465216636658, -1.443455696105957], [0.02674938179552555, 0.9637504816055298, 0.26546090841293335, -0.26967230439186096], [0.0, 0.0, 0.0, 1.0]], "tag_path": "./masks/frame_00060.jpg", "file_path_second": "./images_second/frame_00060.jpg"}, {"fl_x": 775.9876193577522, "fl_y": 775.9876193577522, "cx": 498.34661865234375, "cy": 343.6018981933594, "w": 994, "h": 738, "file_path": "./images/frame_00061.jpg", "transform_matrix": [[0.5706007480621338, -0.2282499074935913, 0.7888705730438232, 0.6717134714126587], [0.8209868669509888, 0.1352856606245041, -0.5546876192092896, -1.514837622642517], [0.01988452486693859, 0.9641575217247009, 0.2645842730998993, -0.25765877962112427], [0.0, 0.0, 0.0, 1.0]], "tag_path": "./masks/frame_00061.jpg", "file_path_second": "./images_second/frame_00061.jpg"}, {"fl_x": 776.2976036884612, "fl_y": 776.2976036884612, "cx": 497.95574951171875, "cy": 343.6413269042969, "w": 994, "h": 738, "file_path": "./images/frame_00062.jpg", "transform_matrix": [[0.6574590802192688, -0.2510037422180176, 0.7104538679122925, 0.49843063950538635], [0.7521306276321411, 0.1620015650987625, -0.6387918591499329, -1.659938097000122], [0.04524450749158859, 0.9543336033821106, 0.2952969968318939, -0.26818880438804626], [0.0, 0.0, 0.0, 1.0]], "tag_path": "./masks/frame_00062.jpg", "file_path_second": "./images_second/frame_00062.jpg"}, {"fl_x": 776.2809450817126, "fl_y": 776.2809450817126, "cx": 499.13525390625, "cy": 343.6309814453125, "w": 994, "h": 738, "file_path": "./images/frame_00063.jpg", "transform_matrix": [[0.7315983176231384, -0.22700980305671692, 0.6428300142288208, 0.3649933636188507], [0.6812495589256287, 0.2078268676996231, -0.7019309401512146, -1.7656019926071167], [0.02574784867465496, 0.9514591693878174, 0.3066961169242859, -0.2619645893573761], [0.0, 0.0, 0.0, 1.0]], "tag_path": "./masks/frame_00063.jpg", "file_path_second": "./images_second/frame_00063.jpg"}, {"fl_x": 776.2283453783521, "fl_y": 776.2283453783521, "cx": 499.25030517578125, "cy": 343.76239013671875, "w": 994, "h": 738, "file_path": "./images/frame_00064.jpg", "transform_matrix": [[0.7885571122169495, -0.22923853993415833, 0.5706377029418945, 0.2759059965610504], [0.6124319434165955, 0.2086629867553711, -0.7624872922897339, -1.8339115381240845], [0.05572051182389259, 0.9507415294647217, 0.3049356937408447, -0.2730512320995331], [0.0, 0.0, 0.0, 1.0]], "tag_path": "./masks/frame_00064.jpg", "file_path_second": "./images_second/frame_00064.jpg"}, {"fl_x": 776.5217321228498, "fl_y": 776.5217321228498, "cx": 498.78924560546875, "cy": 343.7400207519531, "w": 994, "h": 738, "file_path": "./images/frame_00065.jpg", "transform_matrix": [[0.8630814552307129, -0.2370613068342209, 0.4459735155105591, 0.16297222673892975], [0.496060848236084, 0.23189356923103333, -0.8367490768432617, -1.9311940670013428], [0.09494243562221527, 0.9434126019477844, 0.317739874124527, -0.27745771408081055], [0.0, 0.0, 0.0, 1.0]], "tag_path": "./masks/frame_00065.jpg", "file_path_second": "./images_second/frame_00065.jpg"}, {"fl_x": 776.5244170265016, "fl_y": 776.5244170265016, "cx": 499.4495849609375, "cy": 343.6934509277344, "w": 994, "h": 738, "file_path": "./images/frame_00066.jpg", "transform_matrix": [[0.92128586769104, -0.20315198600292206, 0.33160465955734253, 0.02832704782485962], [0.3774828612804413, 0.2621837854385376, -0.8881251811981201, -2.0052990913391113], [0.09348303079605103, 0.943392276763916, 0.31823259592056274, -0.2516268789768219], [0.0, 0.0, 0.0, 1.0]], "tag_path": "./masks/frame_00066.jpg", "file_path_second": "./images_second/frame_00066.jpg"}, {"fl_x": 776.532776840145, "fl_y": 776.532776840145, "cx": 499.233154296875, "cy": 343.60198974609375, "w": 994, "h": 738, "file_path": "./images/frame_00067.jpg", "transform_matrix": [[0.9664679765701294, -0.1275016814470291, 0.22289671003818512, -0.15564629435539246], [0.25119471549987793, 0.28925734758377075, -0.9237052798271179, -2.0290844440460205], [0.053299471735954285, 0.9487220644950867, 0.3115856945514679, -0.2374914586544037], [0.0, 0.0, 0.0, 1.0]], "tag_path": "./masks/frame_00067.jpg", "file_path_second": "./images_second/frame_00067.jpg"}, {"fl_x": 776.5576732194615, "fl_y": 776.5576732194615, "cx": 498.91290283203125, "cy": 343.7318115234375, "w": 994, "h": 738, "file_path": "./images/frame_00068.jpg", "transform_matrix": [[0.9946728944778442, -0.08367305248975754, 0.06020474061369896, -0.35824984312057495], [0.08176961541175842, 0.28484275937080383, -0.9550802707672119, -2.0363423824310303], [0.06276559829711914, 0.9549154043197632, 0.29016730189323425, -0.22489041090011597], [0.0, 0.0, 0.0, 1.0]], "tag_path": "./masks/frame_00068.jpg", "file_path_second": "./images_second/frame_00068.jpg"}, {"fl_x": 777.0779343225374, "fl_y": 777.0779343225374, "cx": 499.63336181640625, "cy": 343.64044189453125, "w": 994, "h": 738, "file_path": "./images/frame_00069.jpg", "transform_matrix": [[0.9985741972923279, -0.04710359498858452, -0.025115273892879486, -0.5148051977157593], [-0.011126925237476826, 0.27648723125457764, -0.9609531760215759, -2.0549979209899902], [0.05220840126276016, 0.9598625302314758, 0.2755689024925232, -0.2010306566953659], [0.0, 0.0, 0.0, 1.0]], "tag_path": "./masks/frame_00069.jpg", "file_path_second": "./images_second/frame_00069.jpg"}, {"fl_x": 777.3048086811154, "fl_y": 777.3048086811154, "cx": 499.40447998046875, "cy": 343.68304443359375, "w": 994, "h": 738, "file_path": "./images/frame_00070.jpg", "transform_matrix": [[0.9862884879112244, -0.031796231865882874, -0.1619383841753006, -0.6737251877784729], [-0.14393110573291779, 0.3143419921398163, -0.9383351802825928, -2.090686798095703], [0.08073955774307251, 0.9487771391868591, 0.30545541644096375, -0.16769641637802124], [0.0, 0.0, 0.0, 1.0]], "tag_path": "./masks/frame_00070.jpg", "file_path_second": "./images_second/frame_00070.jpg"}, {"fl_x": 777.0142288813446, "fl_y": 777.0142288813446, "cx": 499.70550537109375, "cy": 343.5918884277344, "w": 994, "h": 738, "file_path": "./images/frame_00071.jpg", "transform_matrix": [[0.9390782117843628, 0.029839877039194107, -0.3424057364463806, -0.8118574023246765], [-0.334133118391037, 0.3127131462097168, -0.8891375660896301, -2.094149112701416], [0.08054301887750626, 0.9493787884712219, 0.30363258719444275, -0.12620961666107178], [0.0, 0.0, 0.0, 1.0]], "tag_path": "./masks/frame_00071.jpg", "file_path_second": "./images_second/frame_00071.jpg"}, {"fl_x": 777.2689286050413, "fl_y": 777.2689286050413, "cx": 499.07470703125, "cy": 343.9208068847656, "w": 994, "h": 738, "file_path": "./images/frame_00072.jpg", "transform_matrix": [[0.8644341230392456, 0.1132904514670372, -0.4898151755