{
    "w": 500,
    "h": 375,
    "fl_x": 335.66133708091325,
    "fl_y": 335.9581928406855,
    "cx": 250.59347865600712,
    "cy": 187.9013259167027,
    "k1": 0.08008653111142736,
    "k2": -0.08194744426258994,
    "p1": 0.0006381874145862393,
    "p2": -0.004368147603426907,
    "camera_model": "OPENCV",
    "frames": [
        {
            "file_path": "images/frame_00106.jpg",
            "transform_matrix": [
                [
                    0.10668132759817694,
                    0.1607424939286982,
                    0.9812140158943269,
                    2.332962592443147
                ],
                [
                    0.7970455395269319,
                    -0.6037948344231405,
                    0.012255849385255636,
                    1.0240992167226333
                ],
                [
                    0.5944219900559805,
                    0.7807647844066193,
                    -0.19253272233148586,
                    -1.8504757224796007
                ],
                [
                    0.0,
                    0.0,
                    0.0,
                    1.0
                ]
            ],
            "colmap_im_id": 106
        },
        {
            "file_path": "images/frame_00105.jpg",
            "transform_matrix": [
                [
                    0.05774368163543599,
                    0.2486149357791192,
                    0.9668796620773082,
                    2.4322612891407234
                ],
                [
                    0.7159271264411883,
                    -0.6853012860056232,
                    0.13345597410645085,
                    1.724496015896877
                ],
                [
                    0.6957830242660767,
                    0.6845091388042847,
                    -0.21756199584616898,
                    -1.6099855257568763
                ],
                [
                    0.0,
                    0.0,
                    0.0,
                    1.0
                ]
            ],
            "colmap_im_id": 105
        },
        {
            "file_path": "images/frame_00104.jpg",
            "transform_matrix": [
                [
                    0.0016767490189348773,
                    0.12659720666525287,
                    0.9919527890869017,
                    2.1704598862082634
                ],
                [
                    0.7098771850148502,
                    -0.6988082963490017,
                    0.08798492569297453,
                    1.9251402049065
                ],
                [
                    0.7043234844218385,
                    0.7040171249468022,
                    -0.09104019482359971,
                    -1.1326318477381303
                ],
                [
                    0.0,
                    0.0,
                    0.0,
                    1.0
                ]
            ],
            "colmap_im_id": 104
        },
        {
            "file_path": "images/frame_00103.jpg",
            "transform_matrix": [
                [
                    -0.6271666751384554,
                    0.13120459248388608,
                    0.7677547241840406,
                    1.8616753730127815
                ],
                [
                    0.53042372728432,
                    -0.6498692321204703,
                    0.5443534244192457,
                    2.9949423071604193
                ],
                [
                    0.5703618422804808,
                    0.748635649735095,
                    0.33798229660165335,
                    0.0702944149230922
                ],
                [
                    0.0,
                    0.0,
                    0.0,
                    1.0
                ]
            ],
            "colmap_im_id": 103
        },
        {
            "file_path": "images/frame_00102.jpg",
            "transform_matrix": [
                [
                    -0.84613563308072,
                    0.08178174702920894,
                    0.5266557094382818,
                    1.4205036558207793
                ],
                [
                    0.3428136244522922,
                    -0.6731035512905129,
                    0.6552941538957776,
                    3.357718346012266
                ],
                [
                    0.4080849290539559,
                    0.7350124863517289,
                    0.5415010023869554,
                    0.5747038143833395
                ],
                [
                    0.0,
                    0.0,
                    0.0,
                    1.0
                ]
            ],
            "colmap_im_id": 102
        },
        {
            "file_path": "images/frame_00101.jpg",
            "transform_matrix": [
                [
                    -0.9710400117101788,
                    0.0435319032618095,
                    0.23491757928324572,
                    0.5185531702326052
                ],
                [
                    0.14714675060762256,
                    -0.6656749303784291,
                    0.7315905418000509,
                    3.722812148189493
                ],
                [
                    0.1882262719269383,
                    0.7449710467287155,
                    0.6399914140771016,
                    1.1198414307867344
                ],
                [
                    0.0,
                    0.0,
                    0.0,
                    1.0
                ]
            ],
            "colmap_im_id": 101
        },
        {
            "file_path": "images/frame_00100.jpg",
            "transform_matrix": [
                [
                    -0.6562911407773605,
                    0.02989311656806786,
                    -0.7539153401536528,
                    -1.7049612045900262
                ],
                [
                    -0.606765287242642,
                    -0.6148200902248874,
                    0.503817569019992,
                    3.2445228242838104
                ],
                [
                    -0.44846162013544044,
                    0.7881006650407731,
                    0.42163908384753285,
                    0.6016933490996138
                ],
                [
                    0.0,
                    0.0,
                    0.0,
                    1.0
                ]
            ],
            "colmap_im_id": 100
        },
        {
            "file_path": "images/frame_00099.jpg",
            "transform_matrix": [
                [
                    -0.40765297731104294,
                    0.08819360030909384,
                    -0.9088679436276546,
                    -2.097190830722277
                ],
                [
                    -0.7362991989506967,
                    -0.6204342018506535,
                    0.27004609013741354,
                    2.7318220660753023
                ],
                [
                    -0.5400764202536561,
                    0.7792838315007327,
                    0.31785872687018357,
                    0.22017990067025026
                ],
                [
                    0.0,
                    0.0,
                    0.0,
                    1.0
                ]
            ],
            "colmap_im_id": 99
        },
        {
            "file_path": "images/frame_00098.jpg",
            "transform_matrix": [
                [
                    -0.3383537663925558,
                    0.16592224247730114,
                    -0.9262756275641043,
                    -2.2593261319645324
                ],
                [
                    -0.7365079147535967,
                    -0.6593776018673919,
                    0.15092140226262124,
                    2.109959594907949
                ],
                [
                    -0.5857241844701996,
                    0.7332741558291217,
                    0.345305939884921,
                    -0.04910186872803623
                ],
                [
                    0.0,
                    0.0,
                    0.0,
                    1.0
                ]
            ],
            "colmap_im_id": 98
        },
        {
            "file_path": "images/frame_00097.jpg",
            "transform_matrix": [
                [
                    0.9148061874697099,
                    -0.015438790008428791,
                    0.40359792260393196,
                    0.9492446991034567
                ],
                [
                    0.28094377152472017,
                    -0.6935908041275016,
                    -0.6633267623662049,
                    0.03462620230596718
                ],
                [
                    0.290172770274193,
                    0.7202037490827451,
                    -0.6301637272951839,
                    -2.6054937656897548
                ],
                [
                    0.0,
                    0.0,
                    0.0,
                    1.0
                ]
            ],
            "colmap_im_id": 97
        },
        {
            "file_path": "images/frame_00096.jpg",
            "transform_matrix": [
                [
                    0.9922608404295177,
                    -0.04573863962080353,
                    0.11544003376535099,
                    1.0565054526390156
                ],
                [
                    0.08127936618831137,
                    -0.4635904570240459,
                    -0.8823137496311969,
                    -5.828924588239166
                ],
                [
                    0.09387272863901154,
                    0.8848682755087757,
                    -0.45628504886308957,
                    -4.58514891127936
                ],
                [
                    0.0,
                    0.0,
                    0.0,
                    1.0
                ]
            ],
            "colmap_im_id": 96
        },
        {
            "file_path": "images/frame_00095.jpg",
            "transform_matrix": [
                [
                    0.8975138067332109,
                    0.1374272171338029,
                    -0.41902592606438926,
                    -4.282915185332232
                ],
                [
                    -0.3339684034372437,
                    -0.4087008808926314,
                    -0.8493695870839535,
                    -6.461135573564659
                ],
                [
                    -0.28798276377040144,
                    0.9022623509536712,
                    -0.32091833513016266,
                    -4.107716277876591
                ],
                [
                    0.0,
                    0.0,
                    0.0,
                    1.0
                ]
            ],
            "colmap_im_id": 95
        },
        {
            "file_path": "images/frame_00094.jpg",
            "transform_matrix": [
                [
                    0.0692977006496177,
                    0.308913079577873,
                    -0.9485623532221751,
                    -7.9454117842871455
                ],
                [
                    -0.7630308494531404,
                    -0.5961092934061922,
                    -0.2498752350625998,
                    -0.1398592185566801
                ],
                [
                    -0.6426365625044185,
                    0.7410981173775069,
                    0.19440120614857243,
                    0.7123303286442709
                ],
                [
                    0.0,
                    0.0,
                    0.0,
                    1.0
                ]
            ],
            "colmap_im_id": 94
        },
        {
            "file_path": "images/frame_00093.jpg",
            "transform_matrix": [
                [
                    0.433579939794589,
                    0.14526301647012926,
                    -0.8893295743725831,
                    -4.937710477075535
                ],
                [
                    -0.6457121378040611,
                    -0.6383079864957845,
                    -0.41906890778033923,
                    -0.8634958938614296
                ],
                [
                    -0.628541383601931,
                    0.7559507724856799,
                    -0.18295944544645384,
                    -1.5685145692320093
                ],
                [
                    0.0,
                    0.0,
                    0.0,
                    1.0
                ]
            ],
            "colmap_im_id": 93
        },
        {
            "file_path": "images/frame_00092.jpg",
            "transform_matrix": [
                [
                    0.4135665815957972,
                    0.12959800794379808,
                    -0.901203106366243,
                    -2.529746154877342
                ],
                [
                    -0.6770889443663503,
                    -0.6179654650930093,
                    -0.39958634282122574,
                    0.6140199213483353
                ],
                [
                    -0.6086979908000586,
                    0.775450217802136,
                    -0.16782048655212464,
                    -1.4399974248963092
                ],
                [
                    0.0,
                    0.0,
                    0.0,
                    1.0
                ]
            ],
            "colmap_im_id": 92
        },
        {
            "file_path": "images/frame_00091.jpg",
            "transform_matrix": [
                [
                    0.3391789664287529,
                    -0.13050308825926785,
                    -0.9316257685825979,
                    -1.959765911046078
                ],
                [
                    -0.7327327401752192,
                    -0.6577281195908453,
                    -0.17463233427634442,
                    1.6288456539891751
                ],
                [
                    -0.5899664059992206,
                    0.7418643168762631,
                    -0.31871142925549184,
                    -1.675292895203442
                ],
                [
                    0.0,
                    0.0,
                    0.0,
                    1.0
                ]
            ],
            "colmap_im_id": 91
        },
        {
            "file_path": "images/frame_00090.jpg",
            "transform_matrix": [
                [
                    0.8396942091656776,
                    -0.05073993720523212,
                    -0.5406839130823443,
                    -1.625735006490889
                ],
                [
                    -0.4065881081598215,
                    -0.7187498237210361,
                    -0.5639900719019766,
                    0.14399958581300376
                ],
                [
                    -0.3599996463840543,
                    0.6934148467356237,
                    -0.6241603198938293,
                    -3.068270586470991
                ],
                [
                    0.0,
                    0.0,
                    0.0,
                    1.0
                ]
            ],
            "colmap_im_id": 90
        },
        {
            "file_path": "images/frame_00089.jpg",
            "transform_matrix": [
                [
                    0.717343325153427,
                    0.009608901874213746,
                    -0.6966535888535969,
                    -2.0360341931187453
                ],
                [
                    -0.4866441685574575,
                    -0.7086522285173471,
                    -0.5108712873380327,
                    0.4063152134149743
                ],
                [
                    -0.49859403031609345,
                    0.7054925145047035,
                    -0.503670829918693,
                    -2.5837435951901737
                ],
                [
                    0.0,
                    0.0,
                    0.0,
                    1.0
                ]
            ],
            "colmap_im_id": 89
        },
        {
            "file_path": "images/frame_00088.jpg",
            "transform_matrix": [
                [
                    0.24049538493446942,
                    0.04465014451376548,
                    0.96962277944576,
                    3.6217546593480465
                ],
                [
                    0.7545085128750171,
                    -0.6370355068113388,
                    -0.15780578905968723,
                    1.2415114243516363
                ],
                [
                    0.6106380874334252,
                    0.7695402053541583,
                    -0.18689301356425342,
                    -1.8216078437934524
                ],
                [
                    0.0,
                    0.0,
                    0.0,
                    1.0
                ]
            ],
            "colmap_im_id": 88
        },
        {
            "file_path": "images/frame_00087.jpg",
            "transform_matrix": [
                [
                    0.3795129889337903,
                    0.0040806069073443295,
                    0.9251774099478478,
                    3.7802201074332586
                ],
                [
                    0.7005003019200322,
                    -0.6545078131834852,
                    -0.2844623867784904,
                    0.6769509923301934
                ],
                [
                    0.604375064211359,
                    0.7560442256436058,
                    -0.25125268283239494,
                    -2.1584802334463227
                ],
                [
                    0.0,
                    0.0,
                    0.0,
                    1.0
                ]
            ],
            "colmap_im_id": 87
        },
        {
            "file_path": "images/frame_00086.jpg",
            "transform_matrix": [
                [
                    0.5043625540780587,
                    -0.0008990184091029651,
                    0.8634915204040845,
                    3.0446365131680126
                ],
                [
                    0.6563922090663353,
                    -0.6493362156757659,
                    -0.3840725802356785,
                    0.1054624051146768
                ],
                [
                    0.5610416044473652,
                    0.7605009341071023,
                    -0.3269107635140681,
                    -2.651556686590593
                ],
                [
                    0.0,
                    0.0,
                    0.0,
                    1.0
                ]
            ],
            "colmap_im_id": 86
        },
        {
            "file_path": "images/frame_00085.jpg",
            "transform_matrix": [
                [
                    0.6747538529893228,
                    0.032668704939458115,
                    0.7373194650852788,
                    1.8651709570505373
                ],
                [
                    0.5744382968491216,
                    -0.6504908685188143,
                    -0.49687249177904647,
                    0.10530094947502729
                ],
                [
                    0.4633873983926879,
                    0.7588111660296103,
                    -0.4576873750931298,
                    -2.6078836186637084
                ],
                [
                    0.0,
                    0.0,
                    0.0,
                    1.0
                ]
            ],
            "colmap_im_id": 85
        },
        {
            "file_path": "images/frame_00084.jpg",
            "transform_matrix": [
                [
                    0.9815168391406793,
                    0.018408467797525422,
                    0.19048837968925333,
                    0.7654397453376914
                ],
                [
                    0.14630897731233625,
                    -0.713800375978854,
                    -0.684896128190447,
                    -0.7853997021806695
                ],
                [
                    0.12336278872134798,
                    0.7001072429033958,
                    -0.7033004129055361,
                    -3.564971210776811
                ],
                [
                    0.0,
                    0.0,
                    0.0,
                    1.0
                ]
            ],
            "colmap_im_id": 84
        },
        {
            "file_path": "images/frame_00083.jpg",
            "transform_matrix": [
                [
                    0.8510153529899871,
                    -0.05926951992862705,
                    -0.5217853897751046,
                    -1.7816791409548842
                ],
                [
                    -0.38681472117891136,
                    -0.7427644375596464,
                    -0.5465119960037319,
                    -0.34270962329896265
                ],
                [
                    -0.3551721279247696,
                    0.666924369253465,
                    -0.6550302628438314,
                    -3.05626176987387
                ],
                [
                    0.0,
                    0.0,
                    0.0,
                    1.0
                ]
            ],
            "colmap_im_id": 83
        },
        {
            "file_path": "images/frame_00082.jpg",
            "transform_matrix": [
                [
                    0.6169431484940645,
                    0.7586181420519971,
                    -0.2094747385147115,
                    -0.3049820995310736
                ],
                [
                    -0.5316739988114164,
                    0.2055053106075629,
                    -0.8216388052544543,
                    -0.7440219625949757
                ],
                [
                    -0.5802619326770531,
                    0.618276703314677,
                    0.5301226345141529,
                    1.2057660372950345
                ],
                [
                    0.0,
                    0.0,
                    0.0,
                    1.0
                ]
            ],
            "colmap_im_id": 82
        },
        {
            "file_path": "images/frame_00081.jpg",
            "transform_matrix": [
                [
                    0.6083098799550615,
                    0.7127808774811426,
                    -0.3491454004369396,
                    -0.6870635586410236
                ],
                [
                    -0.556221817704916,
                    0.0690344488951794,
                    -0.8281615388164183,
                    -0.9806742697254947
                ],
                [
                    -0.5661946480302491,
                    0.6979811355351598,
                    0.4384586126180567,
                    1.0712886066954064
                ],
                [
                    0.0,
                    0.0,
                    0.0,
                    1.0
                ]
            ],
            "colmap_im_id": 81
        },
        {
            "file_path": "images/frame_00080.jpg",
            "transform_matrix": [
                [
                    0.5944549778128506,
                    0.6356791684466826,
                    -0.49247870426695306,
                    -1.17352071846028
                ],
                [
                    -0.5802234377178609,
                    -0.08494631790766721,
                    -0.810015361210389,
                    -1.061042705317047
                ],
                [
                    -0.5567441438186762,
                    0.7672653503689993,
                    0.31833919087468,
                    0.7479247923417126
                ],
                [
                    0.0,
                    0.0,
                    0.0,
                    1.0
                ]
            ],
            "colmap_im_id": 80
        },
        {
            "file_path": "images/frame_00079.jpg",
            "transform_matrix": [
                [
                    0.7320822619009554,
                    0.5274238926610174,
                    -0.4311375641953278,
                    -2.134074105068254
                ],
                [
                    -0.4586205067126845,
                    -0.08638276457307675,
                    -0.8844236817313933,
                    -2.060155081844287
                ],
                [
                    -0.503709035686855,
                    0.845199417554823,
                    0.1786481232266566,
                    -0.1398085574242865
                ],
                [
                    0.0,
                    0.0,
                    0.0,
                    1.0
                ]
            ],
            "colmap_im_id": 79
        },
        {
            "file_path": "images/frame_00078.jpg",
            "transform_matrix": [
                [
                    0.9998567555360576,
                    0.0021299970076149328,
                    -0.016790816586933346,
                    -0.06045712821730918
                ],
                [
                    -0.016836230662384842,
                    0.02347984971303614,
                    -0.9995825318574431,
                    -1.3952544409693701
                ],
                [
                    -0.0017348619517001626,
                    0.9997220412545682,
                    0.023512347475480942,
                    -1.1566488116732605
                ],
                [
                    0.0,
                    0.0,
                    0.0,
                    1.0
                ]
            ],
            "colmap_im_id": 78
        },
        {
            "file_path": "images/frame_00077.jpg",
            "transform_matrix": [
                [
                    0.9959385152417418,
                    -0.053797308341647435,
                    0.07219642285645746,
                    0.18005228228058595
                ],
                [
                    0.07818812954336087,
                    0.11917476257564809,
                    -0.9897898728333951,
                    -0.5132478829243452
                ],
                [
                    0.04464403942952874,
                    0.9914147596138719,
                    0.1228970470075789,
                    -0.4564342484411056
                ],
                [
                    0.0,
                    0.0,
                    0.0,
                    1.0
                ]
            ],
            "colmap_im_id": 77
        },
        {
            "file_path": "images/frame_00076.jpg",
            "transform_matrix": [
                [
                    0.975643080761586,
                    -0.18942889578924266,
                    0.1106222057369568,
                    0.30447469870311805
                ],
                [
                    0.148580626336397,
                    0.19965297500584644,
                    -0.9685362600588574,
                    -1.5392556153655923
                ],
                [
                    0.16138270179769992,
                    0.961382017208239,
                    0.22293550760049774,
                    0.23597488179978868
                ],
                [
                    0.0,
                    0.0,
                    0.0,
                    1.0
                ]
            ],
            "colmap_im_id": 76
        },
        {
            "file_path": "images/frame_00075.jpg",
            "transform_matrix": [
                [
                    0.8256671170495229,
                    -0.4879734642279907,
                    0.2831178377150815,
                    1.5832379383430206
                ],
                [
                    0.33680382654612917,
                    0.02376384625975328,
                    -0.941274913101814,
                    -2.8874543027523454
                ],
                [
                    0.45258921136833813,
                    0.8725349149577204,
                    0.18397235643625653,
                    -0.6757942203322873
                ],
                [
                    0.0,
                    0.0,
                    0.0,
                    1.0
                ]
            ],
            "colmap_im_id": 75
        },
        {
            "file_path": "images/frame_00074.jpg",
            "transform_matrix": [
                [
                    0.9577769075029118,
                    -0.25395426256198156,
                    0.1347984717300577,
                    0.5092569069622267
                ],
                [
                    0.1707225998554032,
                    0.12509930817586326,
                    -0.9773453621890945,
                    -2.982666028580109
                ],
                [
                    0.23133782516651044,
                    0.9590919641100745,
                    0.1631729604643752,
                    -0.6775624335880713
                ],
                [
                    0.0,
                    0.0,
                    0.0,
                    1.0
                ]
            ],
            "colmap_im_id": 74
        },
        {
            "file_path": "images/frame_00073.jpg",
            "transform_matrix": [
                [
                    0.9977518893210594,
                    -0.043468968848276564,
                    -0.0510060398729786,
                    0.08294879100541219
                ],
                [
                    -0.04374293600285526,
                    0.15418181169416176,
                    -0.9870737178613137,
                    -2.996302858232855
                ],
                [
                    0.050771280327626477,
                    0.9870858208332108,
                    0.15193373359435344,
                    -0.5767691682261682
                ],
                [
                    0.0,
                    0.0,
                    0.0,
                    1.0
                ]
            ],
            "colmap_im_id": 73
        },
        {
            "file_path": "images/frame_00072.jpg",
            "transform_matrix": [
                [
                    0.921528071521229,
                    0.2732653527815193,
                    -0.27588414301578934,
                    -0.9623730515174763
                ],
                [
                    -0.30773999816778563,
                    0.08065509293487924,
                    -0.9480458055976817,
                    -2.6734472926443993
                ],
                [
                    -0.2368166103254922,
                    0.9585514086124216,
                    0.15842061141494884,
                    -0.2522027029508647
                ],
                [
                    0.0,
                    0.0,
                    0.0,
                    1.0
                ]
            ],
            "colmap_im_id": 72
        },
        {
            "file_path": "images/frame_00071.jpg",
            "transform_matrix": [
                [
                    0.8493472448770037,
                    0.3887253499764789,
                    -0.35707402580628433,
                    -1.626239420115905
                ],
                [
                    -0.39245851415656274,
                    0.012705688290983702,
                    -0.9196819451044341,
                    -2.9519057096512302
                ],
                [
                    -0.3529668147090688,
                    0.9212660678494115,
                    0.1633501146109718,
                    -0.5864981657682126
                ],
                [
                    0.0,
                    0.0,
                    0.0,
                    1.0
                ]
            ],
            "colmap_im_id": 71
        },
        {
            "file_path": "images/frame_00070.jpg",
            "transform_matrix": [
                [
                    0.7654415786307097,
                    0.4726220164419126,
                    -0.43672373335749376,
                    -2.126765440835463
                ],
                [
                    -0.4831878905439034,
                    -0.026102965857782167,
                    -0.8751274750601538,
                    -2.569313587924095
                ],
                [
                    -0.4250042966077634,
                    0.8808785754846168,
                    0.20838493975604952,
                    -0.22265481751079266
                ],
                [
                    0.0,
                    0.0,
                    0.0,
                    1.0
                ]
            ],
            "colmap_im_id": 70
        },
        {
            "file_path": "images/frame_00069.jpg",
            "transform_matrix": [
                [
                    0.479124902186922,
                    0.6437921549963729,
                    -0.5966330440643549,
                    -2.625395637930494
                ],
                [
                    -0.6765479610064822,
                    -0.16219408576270908,
                    -0.718314649023372,
                    -1.8402117861768468
                ],
                [
                    -0.5592156869780601,
                    0.7478133053835865,
                    0.3578450442984103,
                    0.463763551623904
                ],
                [
                    0.0,
                    0.0,
                    0.0,
                    1.0
                ]
            ],
            "colmap_im_id": 69
        },
        {
            "file_path": "images/frame_00068.jpg",
            "transform_matrix": [
                [
                    0.3148980225925488,
                    0.6808599481297719,
                    -0.6612631597178437,
                    -3.636212987197887
                ],
                [
                    -0.7296179687949746,
                    -0.27194824843565013,
                    -0.6274565879678665,
                    -1.1938122092413854
                ],
                [
                    -0.6070394179777764,
                    0.6800543222460291,
                    0.411131686708403,
                    0.9822451262644876
                ],
                [
                    0.0,
                    0.0,
                    0.0,
                    1.0
                ]
            ],
            "colmap_im_id": 68
        },
        {
            "file_path": "images/frame_00067.jpg",
            "transform_matrix": [
                [
                    0.16131669101988327,
                    0.7152302568917942,
                    -0.6800166209916442,
                    -3.560437333642676
                ],
                [
                    -0.7371404497022797,
                    -0.3708280410383182,
                    -0.564898682413408,
                    -0.6051299503977755
                ],
                [
                    -0.6562018611762057,
                    0.5923953440112282,
                    0.4674044006882072,
                    1.5424826814475965
                ],
                [
                    0.0,
                    0.0,
                    0.0,
                    1.0
                ]
            ],
            "colmap_im_id": 67
        },
        {
            "file_path": "images/frame_00066.jpg",
            "transform_matrix": [
                [
                    -0.12318926748699928,
                    0.8309909652155935,
                    -0.5424743497217841,
                    -2.5183489130060304
                ],
                [
                    -0.7447365193694557,
                    -0.43869917530760677,
                    -0.5029021279552254,
                    0.03412166900134202
                ],
                [
                    -0.6558901745669655,
                    0.34204831429855315,
                    0.6729123491154205,
                    2.7665932608168777
                ],
                [
                    0.0,
                    0.0,
                    0.0,
                    1.0
                ]
            ],
            "colmap_im_id": 66
        },
        {
            "file_path": "images/frame_00065.jpg",
            "transform_matrix": [
                [
                    -0.502629007429536,
                    0.7307790534448191,
                    -0.46187233727155996,
                    -1.6853865449717618
                ],
                [
                    -0.66633763236458,
                    -0.6678710954273981,
                    -0.33157557145750816,
                    0.6580659258816304
                ],
                [
                    -0.5507796660963121,
                    0.14110341930265777,
                    0.8226369700395997,
                    3.463974068520732
                ],
                [
                    0.0,
                    0.0,
                    0.0,
                    1.0
                ]
            ],
            "colmap_im_id": 65
        },
        {
            "file_path": "images/frame_00064.jpg",
            "transform_matrix": [
                [
                    -0.6636901748789489,
                    0.6585472785544462,
                    -0.3547264208903557,
                    -0.7213244524188807
                ],
                [
                    -0.5927111552923839,
                    -0.7522910734017237,
                    -0.2876658256937195,
                    1.061208243079627
                ],
                [
                    -0.4562990665792739,
                    0.019329324577293625,
                    0.8896165123525239,
                    3.9368549636415695
                ],
                [
                    0.0,
                    0.0,
                    0.0,
                    1.0
                ]
            ],
            "colmap_im_id": 64
        },
        {
            "file_path": "images/frame_00063.jpg",
            "transform_matrix": [
                [
                    -0.8854119828922545,
                    0.41574215237216733,
                    -0.20785591954948607,
                    -0.2002321018399624
                ],
                [
                    -0.3693995555201894,
                    -0.9008127604589315,
                    -0.22821117189096057,
                    0.9927837989611403
                ],
                [
                    -0.28211626846442467,
                    -0.12527902192831974,
                    0.9511653787498743,
                    3.692580298831879
                ],
                [
                    0.0,
                    0.0,
                    0.0,
                    1.0
                ]
            ],
            "colmap_im_id": 63
        },
        {
            "file_path": "images/frame_00062.jpg",
            "transform_matrix": [
                [
                    -0.9911624966830851,
                    0.13116173617292617,
                    -0.019836938600920232,
                    0.47668450969160914
                ],
                [
                    -0.12042179751404368,
                    -0.9523730002850865,
                    -0.28015042211545743,
                    0.7224483961822797
                ],
                [
                    -0.055637180486070976,
                    -0.27528579202727826,
                    0.9597511327711336,
                    3.3780718121925766
                ],
                [
                    0.0,
                    0.0,
                    0.0,
                    1.0
